"","baseMean","log2FoldChange","lfcSE","stat","pvalue","padj"
"IDECOLOH_00830",32335.5985498481,-4.30277000985553,0.107007316685011,-40.2100542575165,0,0
"IDECOLOH_00831",43493.0192634503,-4.41454622938107,0.106314692332388,-41.5233880899469,0,0
"IDECOLOH_01005",3917.28394298717,5.67050874333209,0.135887095273599,41.7295603524009,0,0
"IDECOLOH_01007",6857.33235848778,5.20430745886715,0.117023032397728,44.4725055592406,0,0
"IDECOLOH_01134",44095.1499783071,4.3161939631703,0.111872566451874,38.5813439349949,0,0
"IDECOLOH_01321",3358.27107844041,5.12275331310324,0.134954714731987,37.9590540669643,0,0
"IDECOLOH_01455",28000.6479458558,7.68167372936743,0.135694008692822,56.6102645457018,0,0
"IDECOLOH_01660",30063.2397320619,4.19172541624356,0.103688340440399,40.426198340526,0,0
"IDECOLOH_01709",9869.61285734442,4.65362319335554,0.122777690776929,37.9028401976591,0,0
"IDECOLOH_02426",31089.2117596638,6.37733494666804,0.125725057963719,50.7244542174588,0,0
"IDECOLOH_02691",5132.73367788066,5.0480797901331,0.127184672287826,39.69094466595,0,0
"IDECOLOH_02954",12142.6072466036,4.41072217671757,0.111549295734651,39.5405649822265,0,0
"accA",28379.7815568427,-5.1049189760357,0.105500672371373,-48.3875492097895,0,0
"accB",24507.0416991007,-5.40672785082532,0.126326772428902,-42.7995408009673,0,0
"accD",28571.9204899724,-5.07877941195774,0.101729677789092,-49.9242651931638,0,0
"acpA_1",28563.0972631631,-5.93515150289449,0.122602061200151,-48.4098835272042,0,0
"adhE",104732.519374423,5.18099390809526,0.0944336586297177,54.8638481583179,0,0
"ahpF",19459.4201950414,-4.71729284627144,0.112282054364403,-42.0128832962194,0,0
"bioY2",30290.404725067,5.94607633254134,0.110924994792746,53.6044770040429,0,0
"celA_3",3741.36673534195,5.83918012020641,0.142187351510283,41.066804171988,0,0
"cfiB_1",56959.4433978042,-5.34321895910906,0.0972814786182334,-54.9253468903132,0,0
"chbC",7277.99484536565,7.78513844074482,0.15085310729074,51.6074118761138,0,0
"corA_2",7232.31848421831,7.4509712726264,0.148139549773858,50.296975277707,0,0
"ddc",10322.9271010129,-4.7634990060006,0.112267155531304,-42.4300320379308,0,0
"dppC",12354.8501395675,6.59833646803783,0.119707194267926,55.1206342140938,0,0
"dppE",146914.419845931,7.28597851945157,0.139120253687778,52.3718030000376,0,0
"fabD",34807.0007584683,-5.69654171854817,0.116138922586593,-49.0493763131032,0,0
"fabF",41133.052616251,-5.44990791031145,0.115482262115604,-47.1925974644989,0,0
"fabG_1",37824.9617130267,-5.65823354613884,0.103354968773638,-54.745636453446,0,0
"fabH",42234.8785219713,-4.64717744206808,0.106504156975398,-43.6337657988465,0,0
"fabZ_1",17778.519963523,-5.6148019360691,0.129206136305872,-43.456155385508,0,0
"feuB_1",5007.93986729876,6.1974170431111,0.135481026558024,45.7438004461595,0,0
"fhuC",6362.36683067813,5.65694718382622,0.145407565078767,38.9040775200509,0,0
"folT_2",135872.64773276,3.85137583412815,0.0957680158295131,40.2156795331794,0,0
"fruA_2",16570.6505811422,-5.54187308272389,0.111191338314705,-49.8408704016019,0,0
"glcR_1",11191.6706704636,-5.41921556050919,0.127448684493581,-42.5207649811569,0,0
"gldA",4348.77485708676,5.63342745790914,0.131484434627797,42.8448239813034,0,0
"gspA_1",4979.02179263474,7.33421818196315,0.159151180871038,46.0833412722596,0,0
"gspA_2",7523.95610732816,7.52910480462517,0.143109816264435,52.6106803932517,0,0
"hmuU",10170.0927828201,6.07983611658739,0.138845583725468,43.7884731617299,0,0
"lacC_2",18202.0091069312,-5.90860406067279,0.141002650786965,-41.9042055429148,0,0
"licA_2",5949.83587036771,5.86482462552815,0.149713437179873,39.1736689505156,0,0
"marR",21577.0200558885,-4.57568910884393,0.103324360237907,-44.2847078685827,0,0
"niaX",19442.1920233845,5.7251605016699,0.143332686211567,39.9431605797106,0,0
"ohrB_2",36573.4191568057,5.26411470891141,0.102712756364297,51.2508367533325,0,0
"oppB",13744.0497175289,7.1635824389062,0.126813857203481,56.4889563087083,0,0
"oppD_2",25169.2108283115,6.37285670216056,0.121030011343756,52.6551772688844,0,0
"oppF_2",21739.9382135292,6.31702037384865,0.112418030775616,56.1922347355228,0,0
"pbuO",27472.6123270799,4.65519793855583,0.124065844903074,37.5219944070239,0,0
"purE",6318.95440921316,5.58265444273369,0.126636921787379,44.0839398489712,0,0
"rplM",60895.2699409719,-4.02050491536094,0.10214490693632,-39.3607966951052,0,0
"ulaC",4550.18301552129,5.01471389516252,0.129235857087083,38.8028060338042,0,0
"vioD",3676.90509654319,5.10364942141381,0.133884522832003,38.1197864656679,0,0
"yclQ",20023.4995133432,6.15877626840503,0.116182636123109,53.0094381907387,0,0
"ydhF",64779.5756127917,6.00253695895116,0.108836201192989,55.1520256417939,0,0
"ysnF",22745.6793345418,5.57511304531183,0.105865261542751,52.6623461187075,0,0
"IDECOLOH_01018",5640.43983677264,4.54129162766425,0.122431052910337,37.0926453682474,3.69140527715847e-301,1.87095962205453e-299
"purB",56443.7854668412,3.66711913624595,0.0991854204393137,36.9723606554621,3.18522964987878e-299,1.58657387215514e-297
"ahpC",6096.25024529803,-4.87508146766361,0.133977471192208,-36.3873226168724,6.75503210548688e-290,3.30767589029688e-288
"gph_1",13753.8774415647,-3.77952741507546,0.104241920256423,-36.2572696836193,7.63325086146776e-288,3.67541028979673e-286
"arcD1_1",2857.68936795163,4.97526671191543,0.137799230429975,36.1051850318111,1.88055119979556e-285,8.90641379706452e-284
"yfiY",7637.99135984778,3.86393304221226,0.107189171684898,36.0477927152098,1.4934390080157e-284,6.95894402283445e-283
"DNPH1",6004.48428601221,-4.21384509580351,0.120021715815208,-35.1090222896946,4.90960218973402e-270,2.25140328986374e-268
"purK",20312.4453106039,3.42328103720211,0.0998891609646669,34.2707957914774,2.13766106055147e-257,9.64953563114561e-256
"treP_3",4677.37098197335,-5.04941132186364,0.148194814797497,-34.072793496611,1.86607109647503e-254,8.29396830417904e-253
"rplL",105860.920591269,-3.10335927562809,0.091840732306002,-33.7906634420998,2.70460408786544e-250,1.18387897118837e-248
"IDECOLOH_01017",2777.53043176494,4.56689841443101,0.135339195097302,33.7440932107482,1.30512889573001e-249,5.62763788024479e-248
"rpsI",60465.2513456066,-3.13225387080628,0.093270164406062,-33.5825919333611,3.01196764411361e-247,1.27964331233003e-245
"fabI",14037.5196250891,-3.74992648953947,0.112573628559168,-33.3108787336328,2.68661494628442e-243,1.12487399707474e-241
"fhs1",24669.6490182861,3.60090402210827,0.108451783218251,33.2028106431567,9.80550808260566e-242,4.04687326437825e-240
"IDECOLOH_00019",7018.1218027872,-3.84312140482139,0.117397901886852,-32.7358610593006,4.82593125980163e-235,1.96367822669956e-233
"IDECOLOH_01669",2476.22366122536,5.0004475435643,0.155222535165472,32.2147009017323,1.09873936001414e-227,4.40869168205673e-226
"yvdD",3769.01911997475,-4.83691937813448,0.15133366525312,-31.9619522202431,3.68603703387808e-224,1.45876177957175e-222
"argS",122296.979159693,3.0928016819512,0.0972568468708432,31.8003490906757,6.40151351904016e-222,2.49918548060906e-220
"bglF_4",17504.2283388056,3.13375720042243,0.099041686848882,31.6407898545177,1.01522393947526e-219,3.91064261485871e-218
"IDECOLOH_01054",1833.26063911125,4.97851873042614,0.158676030385287,31.3753672708954,4.38731171056618e-216,1.6677557278718e-214
"prmC_1",8300.26740864963,-3.57972403442428,0.114628008378475,-31.2290520010158,4.29822665841778e-214,1.61267231378818e-212
"adk",54359.5882738651,-2.91794031694984,0.0941714261904999,-30.9854107024685,8.47626354497262e-211,3.13947761300332e-209
"yecD_2",3040.5076202629,4.22863497447158,0.139061811996693,30.4083120574623,4.26510532317593e-203,1.55973282008294e-201
"dapF",6487.13521288603,3.3109902318691,0.109303103211953,30.2918227806274,1.46900308785517e-201,5.30493740101698e-200
"IDECOLOH_01003",1466.77595916497,6.01765243018121,0.199370291530356,30.1832955351072,3.92426574278511e-200,1.39965478159336e-198
"gadC_1",3515.04944996786,-4.24509294299376,0.140656779113818,-30.1805072584428,4.26920203986685e-200,1.50411276746041e-198
"IDECOLOH_01555",9494.74744947673,3.08979541762856,0.102394037612647,30.1755403895406,4.96037552262439e-200,1.72656926323637e-198
"fabZ_2",8788.69006541875,-3.38509750644934,0.112290973000848,-30.1457669836361,1.21879996774867e-199,4.19180131764988e-198
"rclA",3946.14637832733,4.13611600035495,0.137801123856359,30.0151107959494,6.23270941544713e-198,2.1183879413208e-196
"gap_1",32941.4827184633,2.83728442991736,0.0947523084644741,29.944224852117,5.2316270483356e-197,1.75746169100483e-195
"IDECOLOH_01977",3448.21776169325,4.50802312923335,0.150637989327491,29.9262035384235,8.97815934572379e-197,2.98136808618345e-195
"lysA",7429.0312771883,3.61363276192348,0.121121363966573,29.8348090178439,1.38208206458349e-195,4.53731259611558e-194
"IDECOLOH_01784",1489.26636318348,5.23271467959432,0.175464472080956,29.8220751901276,2.02151513150093e-195,6.561974398771e-194
"der_1",22125.1539564263,-3.00400676889601,0.101343392466503,-29.641861159216,4.31821711028643e-193,1.38614769240195e-191
"IDECOLOH_00466",1554.41618293886,5.20761189062858,0.176424472961025,29.5175142270598,1.71602417670866e-191,5.4479053258366e-190
"IDECOLOH_02567",2389.7403590761,4.33459711887255,0.147376228419699,29.4117793985638,3.88236572399091e-190,1.21914723658802e-188
"IDECOLOH_01010",2206.65756291565,4.87948407672587,0.166220515742892,29.3554863244041,2.03371873522789e-189,6.31764884524019e-188
"IDECOLOH_01654",14574.2541757143,3.1181397088367,0.107989402511772,28.8744972776083,2.49634970134752e-183,7.67229179488617e-182
"IDECOLOH_01161",8574.4369195319,-3.16744733431775,0.109737000544042,-28.8639867921898,3.3825250827337e-183,1.02864368042291e-181
"hsdS",3373.09679881078,4.24943945147058,0.147780198508673,28.7551342761336,7.8130847114243e-182,2.35125018034425e-180
"IDECOLOH_01606",5898.57834651512,-3.27724504969643,0.114051846944499,-28.7346951188896,1.40698052427678e-181,4.19048116972744e-180
"IDECOLOH_01659",3322.11577437789,3.74043930915869,0.13065339598574,28.6287186103217,2.9509701711789e-180,8.6993396168733e-179
"yidA_2",1893.24182474457,4.41660670111235,0.154278916813215,28.6274158021185,3.06324945631979e-180,8.93911886798775e-179
"rpsB",57249.2196126423,-2.86055801025345,0.100069198974333,-28.5857990228058,1.00889664525341e-179,2.91470240813709e-178
"rlmI",2680.213899253,-0.390643379599475,0.126544825344659,-3.08699607854776,0.00202190263994257,0.00341196070490309
"whiA",5031.73057944302,0.348585514760325,0.112245879236713,3.10555289094577,0.0018992365127428,0.00321058764500524
"IDECOLOH_02356",2284.51925084442,0.394554119351932,0.126972166356491,3.10740637632478,0.00188736756967065,0.0031923916327743
"IDECOLOH_00306",2275.09225942535,-0.416924586757802,0.134154188369124,-3.10780149189706,0.00188484624126391,0.00318999460516194
"dhaS",3534.45326053046,-0.37743190525704,0.121308187794612,-3.11134732221105,0.00186235751058062,0.00315378127084842
"IDECOLOH_00734",2834.67160130804,-0.392113409645827,0.126009900704091,-3.11176667432368,0.00185971421579063,0.00315115212282648
"ppnKA",3173.81158348343,0.395527735360084,0.126841517737293,3.11828289676632,0.00181908105728698,0.00308592200499242
"IDECOLOH_01738",2742.38913725526,-0.425009634635126,0.135730279837674,-3.13128091346613,0.00174045592258768,0.00295601243995051
"gpsA_2",5197.826445664,-0.343367083475118,0.109532788186639,-3.13483377132731,0.00171951517892687,0.00292216432465866
"ntpB",24804.9681935259,0.360511153197954,0.114935815683991,3.13663022316,0.00170901522309924,0.00290603000561136
"yidA_1",3864.66985923751,-0.393006784105136,0.125125034495065,-3.14091249357966,0.00168422346630458,0.00286556042058536
"IDECOLOH_00291",4266.37058575835,0.357834445683793,0.112994051621223,3.1668432147501,0.0015410337811062,0.00262657616142526
"birA",4360.36636045784,0.363404518739343,0.114020977385332,3.18717245784714,0.00143671081761754,0.00245746450686623
"rplI",5056.6140715391,-0.354297465954586,0.111059485272407,-3.19015944550403,0.00142194318994484,0.00243364566098971
"atpH",6097.22613671428,-0.368366430444117,0.114887945441863,-3.2063105404781,0.00134448807993157,0.00230244579900552
"rluB_2",6943.67791884325,-0.357735769413541,0.111479961019438,-3.20896927252391,0.00133211727677568,0.00228261376785584
"rnj1",21353.3617923925,-0.315353285023447,0.0964406586855695,-3.2699204808587,0.00107577721071813,0.00185769298372066
"soj_2",3835.15081230517,0.38192737106254,0.116711311273662,3.27241093339278,0.00106634464324513,0.00184360842270208
"msrR_1",7497.38710956236,-0.375357054028349,0.114512381133114,-3.27787310257759,0.00104592403914189,0.00180938595753349
"bglC",3728.3896430796,0.407827593449946,0.124280995089086,3.28149604175288,0.00103257973765327,0.00178844296287788
"plsC",2726.91923951642,-0.405061758810815,0.123178161555697,-3.28842185737332,0.00100750748735525,0.00174816164022182
"IDECOLOH_01307",4071.14925755023,0.398610272822596,0.12121500962519,3.28845638881803,0.00100738390369429,0.00174816164022182
"mnmG_2",2339.53485138582,0.478295062533747,0.14500870726253,3.29838856964513,0.000972414669235441,0.0016903164737793
"dnaG",14494.0948916335,-0.423219113710435,0.128253093251864,-3.29987451358632,0.000967280692288289,0.0016824045274057
"bin3_1",1298.68445733509,0.496634495493135,0.150386530053944,3.30238682490373,0.000958657650875535,0.00166841081528881
"xerD_3",6882.44812123152,-0.37839120815497,0.114320598447142,-3.3099127654578,0.000933250518884573,0.00162713382562313
"pbpF",8064.24277565921,-0.365164451079416,0.107857727981079,-3.38561230534612,0.000710196424796442,0.00124499846555638
"IDECOLOH_01293",1678.56516986796,0.496507884799486,0.146430478726063,3.39074138880837,0.000697038407923767,0.00122341674391966
"ktrA",11721.488253888,0.34867328637039,0.101449602322837,3.43691131741283,0.00058838821890025,0.00103586445119002
"IDECOLOH_00048",3874.6073535699,-0.394578219190211,0.114762432974614,-3.4382176201989,0.000585556905216571,0.00103150847510407
"potD",3721.63166991192,-0.430337074907631,0.125113268590633,-3.43957982838479,0.000582617933997775,0.00102695741996313
"IDECOLOH_00463",8616.84706488529,0.354685079661098,0.103048163056289,3.44193500535623,0.000577569003176713,0.00101867939571277
"ffh",10853.3764348469,0.361562927460963,0.104941543253248,3.44537459858417,0.000570268499823381,0.00100703282150963
"perR",2571.61579088508,-0.486039803187802,0.14098768654658,-3.44739186160929,0.000566026949940168,0.00100015404182088
"IDECOLOH_02657",2655.4811346105,-0.47101133998707,0.136541202728867,-3.44959126310297,0.000561435920081814,0.000992648943155668
"opuAA",8485.39310855946,-0.433262169404667,0.125404406530662,-3.45491981813839,0.000550456498172228,0.000973832714770096
"IDECOLOH_01808",10492.5269804532,0.345811679915266,0.0998465457358098,3.46343158260348,0.000533332206387992,0.000944694509046542
"IDECOLOH_00732",2464.80409676997,0.467159520578375,0.134306779557304,3.47830185578276,0.00050460134241796,0.000896000785645659
"IDECOLOH_02148",5498.62970408289,0.411229751312815,0.118190374762809,3.47938444342944,0.000502567058684405,0.000893222794778644
"IDECOLOH_00736",8840.85806241868,-0.402470343515551,0.115675704968875,-3.47929881753342,0.000502727678888915,0.000893222794778644
"IDECOLOH_00352",22205.4199914533,-0.341874290841222,0.0981771232702833,-3.48221947693493,0.000497275937002245,0.000884624496305103
"prkC",32689.0370109319,-0.32937966567861,0.0932404571219836,-3.53258312802663,0.000411520824472619,0.000735240359864809
"dnaA",17396.4886330045,-0.348140987225565,0.0977834057979088,-3.56032789392789,0.000370392005212337,0.000664222534486929
"ecfT",3308.99859185075,0.427441018509757,0.118369693803144,3.61106804264119,0.000304938638957708,0.000548547775808729
"nth",4013.63181248818,0.496038798889135,0.137206838773314,3.61526293677434,0.000300042933222302,0.000540077279800144
"exoA",2211.20940483052,0.491056665083735,0.135442917323676,3.62556178489738,0.000288333946320655,0.000519648640624063
"ilvE",9089.333404983,-0.368635929918855,0.101484442042696,-3.63243786435527,0.000280756193604107,0.000506623762225025
"IDECOLOH_00087",4716.45533769403,0.456337742950735,0.125557978005621,3.63447827210395,0.000278543729351169,0.000502945521309704
"ltaS1_1",2712.24787776645,-0.473661507857271,0.129249949575357,-3.66469394698765,0.000247634527097859,0.000447694711380297
"ypfD",48005.5439474373,0.355721480788868,0.0968096024321944,3.67444418582357,0.000238367741945512,0.000431481457694601
"clcA",2814.04984777051,-0.451224395054608,0.122563450971452,-3.68155752370018,0.000231813471651231,0.00041988032576828
"IDECOLOH_02211",3318.03409592821,0.477978472226675,0.129684208104113,3.68571069071837,0.000228065315515262,0.000413350499701124
"IDECOLOH_01167",2343.1107249869,-0.491436333264318,0.133309114518876,-3.68644210891322,0.000227411143735984,0.000412423599656785
"spoIIIE",11642.6659497697,-0.423087042327415,0.114616833408015,-3.69131679655903,0.000223096060428933,0.00040536133243974
"IDECOLOH_00754",3186.500333352,-0.460974829520771,0.124868237587298,-3.69169004406339,0.000222768848847824,0.000405021525689971
"panT_1",3502.54156059169,0.431280090237702,0.116564489388746,3.69992690311859,0.000215661575579371,0.000392593756678516
"glnP_1",15741.3945645106,0.364846114627002,0.098199471997696,3.71535719291405,0.000202916843134185,0.0003703264433447
"pgpH",17767.9615530422,0.367627241662186,0.0988323579792342,3.71970525826601,0.000199455399220909,0.000364239347881925
"walK_1",3249.10023520465,0.482940232634117,0.129803608834993,3.72054549922439,0.000198792921722138,0.000363259171951459
"ruvB",9539.1151022409,-0.418022143705097,0.112129067962262,-3.72804439831595,0.000192971387311667,0.0003528445176857
"IDECOLOH_01425",6256.59050119246,0.418710492824819,0.1121674115655,3.73290679512841,0.000189282650583619,0.000346538388806131
"IDECOLOH_01261",26941.109891646,-0.361608808457168,0.0964725669120621,-3.7483071098003,0.000178032178770158,0.000326769354807489
"hpt",10373.048081857,-0.422890927033647,0.112684014920846,-3.75289190157721,0.000174806247302763,0.000321052287639976
"proA",8168.38060984014,-0.390583049750789,0.103217753903796,-3.78406848607491,0.000154285338254985,0.000284811720267509
"rnj2",27145.2799328665,0.384241065331891,0.101486765300303,3.78611993588434,0.000153017841447739,0.000282652521702377
"IDECOLOH_00131",4240.36025922539,0.429961645449455,0.112294589675894,3.82887231424431,0.000128731770683603,0.000239014193769234
"cbh_3",6874.27347521996,0.417330087918929,0.108846444613199,3.83411777391508,0.000126015756718312,0.000234423387739346
"coaA",7958.60942213342,-0.421294130367973,0.109318979988375,-3.85380590280639,0.000116295801995638,0.000216760369009933
"IDECOLOH_02720",3035.64077692018,-0.490385754849921,0.125501436077552,-3.9074115020237,9.32901941108244e-05,0.000174443605686843
"IDECOLOH_00427",2867.57426491792,-0.473903852111648,0.121045915535949,-3.91507511850663,9.03760656332749e-05,0.000169213514980254
"dnaD",2705.74698052676,-0.487163444725963,0.124406321132773,-3.91590588235494,9.00653814259638e-05,0.000168817762371446
"IDECOLOH_02288",4519.05956630346,-0.436003862157054,0.111344874944917,-3.91579641517175,9.01062615357457e-05,0.000168817762371446
"artM_2",10389.9909024607,0.394260334936436,0.100019399868968,3.94183863783371,8.08593704659414e-05,0.000152382727512136
"pcp",4367.20816800924,-0.460389447979769,0.116620455410753,-3.94775896182376,7.88861685092714e-05,0.000148858354554726
"IDECOLOH_00920",13374.9674748309,-0.455289254378396,0.112842916773891,-4.03471717494403,5.46681061823386e-05,0.000103837053754619
"IDECOLOH_02398",16060.3342525198,-0.41826947483525,0.102956344480726,-4.06259057608202,4.85311070589281e-05,9.25454576193026e-05
"sdhA",3453.14597153595,0.474542586061101,0.116618089929499,4.06920218250861,4.71743976908431e-05,9.00177245236761e-05
"ccpA_2",23348.9937119382,-0.393040437905244,0.0945489684039735,-4.15700397941863,3.22448376174359e-05,6.17331583013733e-05
"rsmB",11265.1137368756,-0.449051860282031,0.107514423536495,-4.176666213809,2.9581260817792e-05,5.6746522246083e-05
"ntpC",11540.5883543159,0.473970754800796,0.112834940818683,4.2005672299898,2.6624709073412e-05,5.12450263245084e-05
"deoB",16487.5829661291,-0.420593524258865,0.0995275854752165,-4.22589900328284,2.37988721382808e-05,4.58366277383289e-05
"manZ_5",13078.2326349415,0.453327007856848,0.106860850614263,4.24221784920307,2.21321698526063e-05,4.27691228790499e-05
"deoD",14875.9547205276,0.454154008868255,0.105387082484454,4.30938971040641,1.63705672654374e-05,3.18911455359735e-05
"atpF",9223.23488097996,-0.447726781006958,0.103864066173491,-4.31069952777595,1.62738911991142e-05,3.17242049083948e-05
"IDECOLOH_02593",32778.8006112073,0.447785574128179,0.103197609669805,4.33910800415756,1.43062204991035e-05,2.79450108329343e-05
"bglH_3",5097.4300668227,0.474587606361309,0.108743441862158,4.36428715363717,1.27537957816454e-05,2.49970936317324e-05
"pcrA",9340.02341066392,-0.451715691697895,0.103114992409675,-4.38069849147864,1.18299471761504e-05,2.32494676135364e-05
"recN",19775.9218886713,0.425820100937697,0.0963705075764761,4.41857277341599,9.93548264014224e-06,1.95929074043488e-05
"topB_1",13033.0916476139,0.450271252981977,0.101803104404297,4.42296190884107,9.73569112206388e-06,1.92514795699128e-05
"IDECOLOH_00563",10435.7564906865,-0.453168616842091,0.101505075652632,-4.46449218355259,8.02588784473707e-06,1.59468982004439e-05
"clpB",5417.00764692488,-0.489295359643023,0.108645982273008,-4.50357527638263,6.68196840695045e-06,1.32949082146555e-05
"yvcJ",6487.96260909827,0.483844201899397,0.106265754759753,4.55315264069106,5.28478990081624e-06,1.05879043158517e-05
"oatA",33540.0428229109,0.437334026976356,0.0944492670423916,4.63035914063862,3.65032038280136e-06,7.35409734024625e-06
"IDECOLOH_02388",7794.0672214543,-0.478250364497586,0.102930442510681,-4.64634517089499,3.3786749930094e-06,6.82109857079256e-06
"smc_5",18172.6110036176,0.458904365319889,0.0986896233233586,4.64997585223605,3.31973895348831e-06,6.70680128435506e-06
"glnA",82082.8617242354,0.425554143310787,0.0912415758132451,4.66403763325854,3.10064639276755e-06,6.28615258154768e-06
"walK_2",9074.98764031017,-0.493950583703917,0.104343440336015,-4.7338920598483,2.20254890999291e-06,4.50968377106273e-06
"ftsW_1",10826.5123251965,-0.490567995332759,0.103262556854237,-4.75068611776905,2.02727605130334e-06,4.16261585800665e-06
"polC_1",18708.366329095,-0.470115509707591,0.0980192299406555,-4.79615591748901,1.61739405794283e-06,3.34957091999772e-06
"addA",20149.2245523871,0.47464156332043,0.0950940862862761,4.99128370497767,5.99793229644224e-07,1.28260743185948e-06
